0.03225806451612903
0.25
0.023255813953488372
0.0
0.0
0.0
0.023255813953488372
0.017857142857142856
0.0
0.0
0.0
0.16129032258064516
0.5
0.13953488372093023
0.0
0.0196078431372549
0.03571428571428571
0.046511627906976744
0.05357142857142857
0.09302325581395349
0.0
0.0
0.0
0.0
0.0
0.0
0.0
0.017857142857142856
0.0
0.0
0.023255813953488372
0.0
0.0
0.03225806451612903
0.0
0.023255813953488372
0.0
0.0
0.0
0.0
0.017857142857142856
0.023255813953488372
0.0
0.0
0.1935483870967742
0.5
0.11627906976744186
0.14285714285714285
0.1568627450980392
0.0
0.06976744186046512
0.07142857142857142
0.06976744186046512
0.0
0.0
0.03225806451612903
0.25
0.06976744186046512
0.07142857142857142
0.0392156862745098
0.05357142857142857
0.09302325581395349
0.05357142857142857
0.09302325581395349
0.0
0.125
0.16129032258064516
0.25
0.09302325581395349
0.07142857142857142
0.0392156862745098
0.017857142857142856
0.06976744186046512
0.03571428571428571
0.0
0.0
0.125
0.16129032258064516
0.25
0.09302325581395349
0.14285714285714285
0.058823529411764705
0.017857142857142856
0.046511627906976744
0.05357142857142857
0.046511627906976744
0.0
0.0
0.1935483870967742
0.5
0.11627906976744186
0.21428571428571427
0.0784313725490196
0.017857142857142856
0.09302325581395349
0.07142857142857142
0.06976744186046512
0.0
0.0
0.22580645161290322
0.25
0.16279069767441862
0.21428571428571427
0.11764705882352941
0.19642857142857142
0.2558139534883721
0.16071428571428573
0.20930232558139536
0.3333333333333333
0.5
0.1935483870967742
0.0
0.09302325581395349
0.14285714285714285
0.0784313725490196
0.05357142857142857
0.06976744186046512
0.08928571428571429
0.046511627906976744
0.0
0.0
0.25806451612903225
1.0
0.20930232558139536
0.2857142857142857
0.09803921568627451
0.07142857142857142
0.20930232558139536
0.125
0.09302325581395349
0.0
0.0
0.1935483870967742
0.0
0.09302325581395349
0.14285714285714285
0.0784313725490196
0.05357142857142857
0.06976744186046512
0.08928571428571429
0.046511627906976744
0.0
0.0
0.03225806451612903
0.5
0.046511627906976744
0.0
0.058823529411764705
0.0
0.023255813953488372
0.07142857142857142
0.023255813953488372
0.0
0.0
0.22580645161290322
0.25
0.13953488372093023
0.14285714285714285
0.13725490196078433
0.03571428571428571
0.046511627906976744
0.07142857142857142
0.06976744186046512
0.0
0.0
0.06451612903225806
0.5
0.046511627906976744
0.0
0.058823529411764705
0.0
0.06976744186046512
0.07142857142857142
0.0
0.0
0.0
0.0967741935483871
0.5
0.06976744186046512
0.07142857142857142
0.0392156862745098
0.0
0.09302325581395349
0.08928571428571429
0.023255813953488372
0.0
0.0
0.06451612903225806
0.5
0.046511627906976744
0.0
0.0196078431372549
0.0
0.046511627906976744
0.03571428571428571
0.0
0.0
0.0
0.0
0.0
0.0
0.0
0.0
0.0
0.0
0.0
0.0
0.0
0.0
0.03225806451612903
0.25
0.023255813953488372
0.0
0.0196078431372549
0.017857142857142856
0.023255813953488372
0.017857142857142856
0.0
0.0
0.0
0.03225806451612903
0.25
0.046511627906976744
0.0
0.0
0.017857142857142856
0.046511627906976744
0.017857142857142856
0.046511627906976744
0.0
0.0
0.1935483870967742
0.25
0.11627906976744186
0.21428571428571427
0.058823529411764705
0.017857142857142856
0.09302325581395349
0.10714285714285714
0.09302325581395349
0.0
0.0
0.1935483870967742
0.0
0.09302325581395349
0.07142857142857142
0.13725490196078433
0.0
0.09302325581395349
0.10714285714285714
0.023255813953488372
0.0
0.0
0.1935483870967742
0.75
0.11627906976744186
0.07142857142857142
0.058823529411764705
0.0
0.13953488372093023
0.08928571428571429
0.0
0.0
0.0
0.0
0.0
0.0
0.0
0.0
0.0
0.0
0.0
0.0
0.0
0.0
0.16129032258064516
0.5
0.11627906976744186
0.07142857142857142
0.09803921568627451
0.0
0.06976744186046512
0.05357142857142857
0.0
0.0
0.0
0.06451612903225806
0.25
0.046511627906976744
0.07142857142857142
0.0784313725490196
0.03571428571428571
0.046511627906976744
0.03571428571428571
0.023255813953488372
0.0
0.0
0.0
0.0
0.0
0.0
0.0
0.0
0.0
0.0
0.0
0.0
0.0
0.0
0.0
0.0
0.0
0.0
0.0
0.0
0.0
0.0
0.0
0.0
0.0
0.0
0.023255813953488372
0.07142857142857142
0.0196078431372549
0.017857142857142856
0.023255813953488372
0.017857142857142856
0.046511627906976744
0.3333333333333333
0.0
0.12903225806451613
0.5
0.09302325581395349
0.0
0.11764705882352941
0.0
0.11627906976744186
0.16071428571428573
0.046511627906976744
0.0
0.0
0.0
0.0
0.0
0.0
0.0
0.0
0.0
0.0
0.0
0.0
0.0
0.16129032258064516
0.5
0.13953488372093023
0.0
0.0196078431372549
0.03571428571428571
0.046511627906976744
0.05357142857142857
0.09302325581395349
0.0
0.0
0.06451612903225806
0.5
0.046511627906976744
0.0
0.0196078431372549
0.0
0.046511627906976744
0.03571428571428571
0.0
0.0
0.0
0.1935483870967742
0.5
0.11627906976744186
0.14285714285714285
0.1568627450980392
0.0
0.06976744186046512
0.07142857142857142
0.06976744186046512
0.0
0.0
0.0
0.0
0.023255813953488372
0.0
0.0
0.017857142857142856
0.023255813953488372
0.017857142857142856
0.023255813953488372
0.3333333333333333
0.0
0.0
0.0
0.0
0.0
0.0
0.0
0.0
0.0
0.0
0.0
0.0
0.0
0.0
0.046511627906976744
0.07142857142857142
0.0392156862745098
0.017857142857142856
0.046511627906976744
0.0
0.023255813953488372
0.0
0.0
0.16129032258064516
0.5
0.06976744186046512
0.0
0.058823529411764705
0.0
0.046511627906976744
0.08928571428571429
0.023255813953488372
0.0
0.0
0.0
0.0
0.023255813953488372
0.0
0.0
0.03571428571428571
0.0
0.017857142857142856
0.023255813953488372
0.0
0.0
0.0
0.0
0.0
0.0
0.0196078431372549
0.0
0.0
0.0
0.0
0.0
0.0
0.16129032258064516
0.25
0.09302325581395349
0.07142857142857142
0.0392156862745098
0.017857142857142856
0.06976744186046512
0.03571428571428571
0.0
0.0
0.125
0.16129032258064516
0.25
0.06976744186046512
0.07142857142857142
0.09803921568627451
0.03571428571428571
0.06976744186046512
0.07142857142857142
0.046511627906976744
0.0
0.0
0.25806451612903225
1.0
0.20930232558139536
0.2857142857142857
0.09803921568627451
0.07142857142857142
0.20930232558139536
0.125
0.09302325581395349
0.0
0.0
0.06451612903225806
0.25
0.046511627906976744
0.07142857142857142
0.09803921568627451
0.0
0.09302325581395349
0.10714285714285714
0.023255813953488372
0.0
0.0
0.0
0.0
0.0
0.07142857142857142
0.0
0.0
0.046511627906976744
0.0
0.0
0.0
0.0
0.06451612903225806
0.25
0.046511627906976744
0.14285714285714285
0.0784313725490196
0.0
0.09302325581395349
0.07142857142857142
0.023255813953488372
0.0
0.0
0.16129032258064516
0.25
0.09302325581395349
0.14285714285714285
0.058823529411764705
0.017857142857142856
0.046511627906976744
0.05357142857142857
0.046511627906976744
0.0
0.0
0.0
0.0
0.0
0.0
0.0
0.0
0.0
0.0
0.0
0.0
0.0
0.06451612903225806
0.0
0.023255813953488372
0.07142857142857142
0.0196078431372549
0.0
0.06976744186046512
0.03571428571428571
0.0
0.0
0.0
