0.16129032258064516
0.25
0.4186046511627907
0.0
0.11764705882352941
0.0
0.0
0.0
0.23255813953488372
0.3333333333333333
0.25
0.25806451612903225
1.0
0.5813953488372093
0.42857142857142855
0.5098039215686274
0.8392857142857143
0.23255813953488372
1.0535714285714286
0.7209302325581395
0.0
0.0
0.8064516129032258
1.0
0.5581395348837209
1.0
0.37254901960784315
0.8214285714285714
0.4418604651162791
0.7142857142857143
0.3953488372093023
0.0
0.125
0.6129032258064516
0.0
0.18604651162790697
0.6428571428571429
0.09803921568627451
0.8214285714285714
0.4418604651162791
0.21428571428571427
0.0
0.0
0.25
0.3225806451612903
1.25
1.0465116279069768
0.21428571428571427
0.27450980392156865
0.8214285714285714
0.4418604651162791
0.6071428571428571
0.20930232558139536
0.0
0.25
0.3870967741935484
1.0
0.37209302325581395
0.21428571428571427
0.3137254901960784
0.32142857142857145
0.3488372093023256
0.125
0.5813953488372093
0.3333333333333333
0.125
0.7419354838709677
0.75
0.27906976744186046
0.5
0.2549019607843137
0.5178571428571429
0.7209302325581395
0.26785714285714285
0.023255813953488372
0.0
0.125
0.6451612903225806
0.75
0.20930232558139536
0.42857142857142855
0.2549019607843137
0.375
0.20930232558139536
0.30357142857142855
0.046511627906976744
0.0
0.125
0.2903225806451613
1.0
0.23255813953488372
0.21428571428571427
0.27450980392156865
0.2857142857142857
0.2558139534883721
0.17857142857142858
0.23255813953488372
0.0
0.125
0.9032258064516129
0.75
0.7674418604651163
0.35714285714285715
0.19607843137254902
0.7857142857142857
0.4186046511627907
0.3392857142857143
0.3488372093023256
0.3333333333333333
0.5
0.45161290322580644
0.25
0.23255813953488372
0.7142857142857143
0.45098039215686275
0.8571428571428571
0.2558139534883721
0.6964285714285714
0.6744186046511628
0.0
0.0
0.9354838709677419
1.25
0.2558139534883721
0.2857142857142857
0.29411764705882354
0.875
0.8604651162790697
1.0714285714285714
0.20930232558139536
0.3333333333333333
0.0
0.45161290322580644
0.25
0.18604651162790697
0.7142857142857143
0.45098039215686275
0.8571428571428571
0.2558139534883721
0.2857142857142857
0.6744186046511628
0.0
0.0
0.4838709677419355
0.75
0.18604651162790697
0.0
0.058823529411764705
0.0
0.046511627906976744
0.07142857142857142
0.23255813953488372
0.0
0.0
0.9354838709677419
1.25
0.27906976744186046
0.7142857142857143
0.3137254901960784
0.48214285714285715
0.37209302325581395
0.42857142857142855
0.20930232558139536
0.0
0.25
0.3548387096774194
0.75
0.13953488372093023
0.0
0.23529411764705882
0.03571428571428571
0.23255813953488372
0.07142857142857142
0.06976744186046512
0.0
0.0
1.064516129032258
0.75
0.6511627906976745
0.07142857142857142
0.45098039215686275
0.8214285714285714
0.23255813953488372
0.08928571428571429
0.16279069767441862
0.0
0.375
0.03225806451612903
0.0
0.046511627906976744
0.0
0.0196078431372549
0.2857142857142857
0.046511627906976744
0.03571428571428571
0.0
0.0
0.0
0.0
0.0
0.0
0.0
0.43137254901960786
0.7142857142857143
0.627906976744186
0.6964285714285714
0.9767441860465116
0.0
0.25
0.22580645161290322
0.75
0.3953488372093023
1.0
0.27450980392156865
0.0
0.27906976744186046
0.5
0.27906976744186046
0.0
0.125
0.6129032258064516
0.75
0.20930232558139536
0.2857142857142857
0.11764705882352941
0.8392857142857143
0.16279069767441862
0.23214285714285715
0.18604651162790697
0.0
0.25
0.25806451612903225
0.25
0.7674418604651163
0.21428571428571427
0.29411764705882354
0.8392857142857143
0.27906976744186046
0.3392857142857143
0.09302325581395349
0.0
0.25
0.7096774193548387
0.5
0.32558139534883723
0.6428571428571429
0.2549019607843137
0.75
0.46511627906976744
0.26785714285714285
0.16279069767441862
0.0
0.5
0.22580645161290322
0.25
0.16279069767441862
0.07142857142857142
0.0392156862745098
0.08928571428571429
0.32558139534883723
0.08928571428571429
0.37209302325581395
0.0
0.0
0.0
0.0
0.18604651162790697
0.2857142857142857
0.19607843137254902
0.8214285714285714
0.11627906976744186
0.14285714285714285
0.0
0.0
0.25
0.6129032258064516
0.5
0.627906976744186
1.0
0.35294117647058826
0.8392857142857143
0.27906976744186046
0.26785714285714285
0.32558139534883723
0.3333333333333333
0.0
0.06451612903225806
1.0
0.20930232558139536
1.0
0.17647058823529413
0.625
0.20930232558139536
0.30357142857142855
0.11627906976744186
0.3333333333333333
0.0
0.3870967741935484
0.25
0.2558139534883721
0.07142857142857142
0.45098039215686275
0.0
0.23255813953488372
0.10714285714285714
0.13953488372093023
0.0
0.0
0.6774193548387096
0.0
0.32558139534883723
0.6428571428571429
0.09803921568627451
0.7321428571428571
0.2558139534883721
0.25
0.0
0.0
0.25
0.4838709677419355
0.5
0.046511627906976744
0.35714285714285715
0.11764705882352941
0.5
0.09302325581395349
0.2857142857142857
0.20930232558139536
0.3333333333333333
0.125
1.1290322580645162
0.5
0.813953488372093
0.0
0.3333333333333333
0.8214285714285714
0.27906976744186046
0.5
0.18604651162790697
0.0
0.0
0.5483870967741935
0.75
0.16279069767441862
0.5714285714285714
0.23529411764705882
0.8214285714285714
0.18604651162790697
0.39285714285714285
0.27906976744186046
0.0
0.125
0.25806451612903225
1.0
0.5813953488372093
0.42857142857142855
0.5098039215686274
0.8392857142857143
0.27906976744186046
1.0535714285714286
0.7209302325581395
0.0
0.25
0.03225806451612903
0.0
0.046511627906976744
0.0
0.0196078431372549
0.2857142857142857
0.046511627906976744
0.03571428571428571
0.0
0.0
0.0
0.3225806451612903
1.25
1.0465116279069768
0.21428571428571427
0.5294117647058824
0.8214285714285714
0.4418604651162791
0.7142857142857143
0.20930232558139536
0.0
0.25
0.967741935483871
1.0
0.8604651162790697
0.0
0.7450980392156863
0.8571428571428571
0.5581395348837209
1.0357142857142858
1.0465116279069768
0.3333333333333333
0.0
0.5806451612903226
0.0
0.16279069767441862
0.0
0.0392156862745098
0.23214285714285715
0.18604651162790697
0.32142857142857145
0.023255813953488372
0.0
0.0
0.7419354838709677
0.25
0.23255813953488372
0.07142857142857142
0.21568627450980393
0.4107142857142857
0.20930232558139536
0.32142857142857145
0.09302325581395349
0.0
0.5
0.16129032258064516
0.75
0.09302325581395349
0.0
0.058823529411764705
0.07142857142857142
0.046511627906976744
0.10714285714285714
0.13953488372093023
0.0
0.0
0.0
0.0
0.6976744186046512
1.0
0.09803921568627451
0.9464285714285714
0.4883720930232558
0.9642857142857143
0.7906976744186046
0.0
0.0
0.967741935483871
0.25
0.7674418604651163
0.07142857142857142
0.0196078431372549
0.7142857142857143
0.0
0.0
0.0
0.0
0.0
0.5483870967741935
0.75
0.09302325581395349
0.5
0.2549019607843137
0.5178571428571429
0.37209302325581395
0.23214285714285715
0.023255813953488372
0.0
0.125
0.967741935483871
1.25
0.6744186046511628
0.14285714285714285
0.3137254901960784
0.8392857142857143
0.5581395348837209
0.07142857142857142
0.046511627906976744
0.0
0.0
0.9354838709677419
1.5
0.2558139534883721
0.2857142857142857
0.29411764705882354
0.875
1.1627906976744187
1.0714285714285714
0.20930232558139536
0.0
0.0
0.6129032258064516
0.75
0.32558139534883723
0.5
0.47058823529411764
0.8035714285714286
0.0
1.0892857142857142
0.09302325581395349
0.3333333333333333
0.0
0.5483870967741935
0.5
0.18604651162790697
0.42857142857142855
0.11764705882352941
0.05357142857142857
0.6046511627906976
0.21428571428571427
0.7906976744186046
0.0
0.0
0.22580645161290322
1.0
0.27906976744186046
0.21428571428571427
0.35294117647058826
1.0
0.09302325581395349
0.6964285714285714
1.0232558139534884
0.0
0.25
0.6451612903225806
0.75
0.20930232558139536
0.42857142857142855
0.2549019607843137
0.375
0.20930232558139536
0.30357142857142855
0.27906976744186046
0.0
0.125
0.5483870967741935
0.75
0.37209302325581395
0.5714285714285714
0.23529411764705882
0.8214285714285714
0.023255813953488372
0.35714285714285715
0.27906976744186046
0.0
0.125
0.6774193548387096
0.5
0.5116279069767442
1.0714285714285714
0.23529411764705882
0.8214285714285714
0.7441860465116279
0.35714285714285715
0.23255813953488372
0.0
0.25
