0.03571428571428571
0.2
0.0
0.125
0.05555555555555555
0.0
0.030303030303030304
0.0
0.0
0.0
0.0
0.07142857142857142
0.0
0.0
0.125
0.0
0.024390243902439025
0.030303030303030304
0.06896551724137931
0.043478260869565216
0.0
0.0
0.10714285714285714
0.4
0.06896551724137931
0.0
0.05555555555555555
0.0
0.09090909090909091
0.06896551724137931
0.0
0.0
0.0
0.10714285714285714
0.0
0.0
0.125
0.0
0.024390243902439025
0.0
0.10344827586206896
0.0
0.0
0.0
0.03571428571428571
0.0
0.06896551724137931
0.25
0.0
0.024390243902439025
0.030303030303030304
0.034482758620689655
0.0
0.0
0.0
0.07142857142857142
0.2
0.0
0.125
0.0
0.024390243902439025
0.030303030303030304
0.034482758620689655
0.0
0.0
0.25
0.0
0.0
0.0
0.0
0.0
0.0
0.0
0.0
0.0
0.0
0.0
0.0
0.0
0.0
0.0
0.027777777777777776
0.0
0.0
0.0
0.0
0.0
0.0
0.25
0.6
0.06896551724137931
0.0
0.1111111111111111
0.0
0.06060606060606061
0.10344827586206896
0.043478260869565216
0.0
0.0
0.25
0.8
0.13793103448275862
0.375
0.05555555555555555
0.0
0.24242424242424243
0.10344827586206896
0.08695652173913043
0.0
0.0
0.25
0.6
0.06896551724137931
0.0
0.1111111111111111
0.0
0.06060606060606061
0.10344827586206896
0.043478260869565216
0.0
0.0
0.0
0.0
0.0
0.125
0.0
0.0
0.030303030303030304
0.0
0.0
0.0
0.0
0.0
0.2
0.10344827586206896
0.375
0.08333333333333333
0.04878048780487805
0.09090909090909091
0.06896551724137931
0.043478260869565216
0.0
0.0
0.0
0.0
0.0
0.0
0.0
0.0
0.0
0.0
0.0
0.0
0.0
0.0
0.0
0.0
0.125
0.0
0.0
0.0
0.0
0.0
0.0
0.0
0.03571428571428571
0.2
0.0
0.125
0.0
0.0
0.030303030303030304
0.0
0.0
0.0
0.0
0.0
0.0
0.0
0.0
0.0
0.024390243902439025
0.0
0.0
0.043478260869565216
0.0
0.0
0.03571428571428571
0.2
0.0
0.0
0.0
0.0
0.030303030303030304
0.0
0.0
0.0
0.0
0.10714285714285714
0.0
0.0
0.125
0.0
0.024390243902439025
0.0
0.10344827586206896
0.0
0.0
0.0
0.03571428571428571
0.2
0.0
0.125
0.0
0.0
0.030303030303030304
0.0
0.0
0.0
0.0
0.10714285714285714
0.2
0.10344827586206896
0.25
0.027777777777777776
0.024390243902439025
0.06060606060606061
0.0
0.043478260869565216
0.0
0.0
0.03571428571428571
0.2
0.0
0.0
0.05555555555555555
0.0
0.030303030303030304
0.0
0.0
0.0
0.0
0.03571428571428571
0.4
0.0
0.0
0.027777777777777776
0.0
0.030303030303030304
0.0
0.0
0.0
0.0
0.07142857142857142
0.4
0.0
0.125
0.027777777777777776
0.0
0.12121212121212122
0.034482758620689655
0.0
0.0
0.0
0.0
0.0
0.0
0.0
0.0
0.0
0.0
0.0
0.0
0.0
0.0
0.0
0.0
0.0
0.0
0.0
0.0
0.0
0.0
0.0
0.0
0.0
0.0
0.0
0.0
0.0
0.0
0.0
0.0
0.0
0.043478260869565216
0.0
0.0
0.10714285714285714
0.2
0.1724137931034483
0.125
0.08333333333333333
0.12195121951219512
0.21212121212121213
0.2413793103448276
0.2608695652173913
0.0
0.75
0.0
0.0
0.0
0.0
0.0
0.0
0.0
0.0
0.0
0.0
0.0
0.21428571428571427
0.2
0.0
0.5
0.05555555555555555
0.024390243902439025
0.18181818181818182
0.034482758620689655
0.0
0.0
0.0
0.0
0.0
0.0
0.0
0.0
0.0
0.0
0.0
0.0
0.0
0.0
0.25
0.8
0.13793103448275862
0.375
0.05555555555555555
0.0
0.24242424242424243
0.10344827586206896
0.08695652173913043
0.0
0.0
0.0
0.0
0.0
0.125
0.0
0.0
0.0
0.0
0.0
0.0
0.0
0.07142857142857142
0.0
0.06896551724137931
0.25
0.1388888888888889
0.024390243902439025
0.06060606060606061
0.10344827586206896
0.0
0.0
0.0
0.14285714285714285
0.8
0.20689655172413793
0.75
0.027777777777777776
0.07317073170731707
0.09090909090909091
0.13793103448275862
0.0
0.0
0.0
0.0
0.0
0.0
0.0
0.0
0.0
0.0
0.0
0.0
0.0
0.0
0.0
0.0
0.0
0.0
0.0
0.0
0.0
0.034482758620689655
0.043478260869565216
0.0
0.0
0.03571428571428571
0.0
0.0
0.125
0.027777777777777776
0.0
0.0
0.0
0.0
0.0
0.0
0.0
0.0
0.0
0.0
0.027777777777777776
0.0
0.0
0.0
0.0
0.0
0.0
0.0
0.0
0.0
0.0
0.0
0.0
0.0
0.0
0.0
0.0
0.0
0.07142857142857142
0.2
0.0
0.125
0.0
0.024390243902439025
0.030303030303030304
0.034482758620689655
0.0
0.0
0.25
0.03571428571428571
0.0
0.034482758620689655
0.0
0.027777777777777776
0.024390243902439025
0.030303030303030304
0.034482758620689655
0.043478260869565216
0.0
0.0
0.17857142857142858
0.2
0.034482758620689655
0.25
0.0
0.0
0.09090909090909091
0.06896551724137931
0.08695652173913043
0.0
0.0
0.0
0.0
0.0
0.0
0.05555555555555555
0.0
0.0
0.0
0.0
0.0
0.0
0.0
0.0
0.0
0.125
0.0
0.0
0.0
0.0
0.0
0.0
0.0
0.0
0.0
0.0
0.0
0.0
0.0
0.0
0.0
0.0
0.0
0.0
0.03571428571428571
0.2
0.0
0.0
0.08333333333333333
0.0
0.06060606060606061
0.0
0.0
0.0
0.0
0.07142857142857142
0.6
0.034482758620689655
0.125
0.027777777777777776
0.024390243902439025
0.09090909090909091
0.0
0.043478260869565216
0.0
0.0
0.0
0.0
0.0
0.125
0.0
0.0
0.0
0.0
0.0
0.0
0.0
0.07142857142857142
0.0
0.0
0.125
0.0
0.024390243902439025
0.030303030303030304
0.06896551724137931
0.043478260869565216
0.0
0.0
