0.0
0.0
0.0
0.0
0.05555555555555555
0.0
0.030303030303030304
0.0
0.0
0.0
0.0
0.17857142857142858
0.4
0.13793103448275862
0.125
0.0
0.04878048780487805
0.030303030303030304
0.10344827586206896
0.21739130434782608
0.0
0.5
0.0
0.8
0.0
0.0
0.05555555555555555
0.024390243902439025
0.09090909090909091
0.06896551724137931
0.0
0.0
0.25
0.0
0.4
0.0
0.125
0.0
0.04878048780487805
0.0
0.0
0.043478260869565216
0.0
1.25
0.25
0.2
0.1724137931034483
0.125
0.0
0.0975609756097561
0.030303030303030304
0.10344827586206896
0.34782608695652173
0.0
0.25
0.0
0.2
0.0
0.125
0.0
0.024390243902439025
0.0
0.0
0.0
0.0
0.5
0.0
0.0
0.0
0.0
0.0
0.0
0.0
0.0
0.0
0.0
0.0
0.0
0.6
0.0
0.0
0.0
0.024390243902439025
0.0
0.0
0.0
0.0
0.0
0.42857142857142855
0.8
0.20689655172413793
0.0
0.0
0.024390243902439025
0.0
0.0
0.6086956521739131
0.0
0.0
0.21428571428571427
0.8
0.0
0.375
0.05555555555555555
0.04878048780487805
0.15151515151515152
0.0
0.08695652173913043
0.0
0.0
0.42857142857142855
0.8
0.20689655172413793
0.0
0.0
0.024390243902439025
0.0
0.0
0.6086956521739131
0.0
0.0
0.0
0.2
0.0
0.125
0.0
0.0
0.0
0.0
0.17391304347826086
0.0
0.0
0.0
0.6
0.13793103448275862
0.375
0.0
0.07317073170731707
0.0
0.06896551724137931
0.13043478260869565
0.0
0.0
0.0
0.0
0.0
0.125
0.0
0.0
0.18181818181818182
0.0
0.08695652173913043
0.0
0.0
0.0
0.2
0.0
0.125
0.0
0.024390243902439025
0.0
0.0
0.6086956521739131
0.0
0.0
0.0
0.6
0.06896551724137931
0.125
0.0
0.024390243902439025
0.0
0.0
0.043478260869565216
0.0
0.25
0.0
0.0
0.0
0.0
0.0
0.024390243902439025
0.0
0.06896551724137931
0.21739130434782608
0.0
0.0
0.0
0.4
0.0
0.0
0.0
0.024390243902439025
0.06060606060606061
0.034482758620689655
0.5652173913043478
0.0
0.0
0.0
0.4
0.0
0.125
0.0
0.04878048780487805
0.0
0.0
0.043478260869565216
0.0
0.0
0.07142857142857142
0.4
0.0
0.125
0.0
0.024390243902439025
0.030303030303030304
0.0
0.0
0.0
0.0
0.14285714285714285
0.2
0.1724137931034483
0.25
0.027777777777777776
0.14634146341463414
0.06060606060606061
0.0
0.043478260869565216
0.0
0.0
0.0
0.4
0.0
0.0
0.05555555555555555
0.0
0.09090909090909091
0.0
0.0
0.0
0.0
0.0
0.4
0.0
0.0
0.027777777777777776
0.0
0.0
0.0
0.0
0.0
0.0
0.0
0.6
0.0
0.125
0.0
0.0
0.06060606060606061
0.0
0.0
0.0
0.0
0.0
0.4
0.034482758620689655
0.0
0.0
0.0
0.0
0.0
0.043478260869565216
0.0
0.25
0.0
0.0
0.0
0.0
0.0
0.0
0.0
0.0
0.0
0.0
0.0
0.03571428571428571
0.0
0.0
0.25
0.0
0.024390243902439025
0.030303030303030304
0.0
0.34782608695652173
0.0
0.0
0.6428571428571429
0.0
0.3448275862068966
0.125
0.3888888888888889
0.1951219512195122
0.2727272727272727
0.0
0.13043478260869565
0.0
0.75
0.0
0.8
0.0
0.0
0.0
0.024390243902439025
0.0
0.0
0.043478260869565216
0.0
0.0
0.0
0.8
0.0
0.5
0.0
0.0975609756097561
0.0
0.034482758620689655
0.0
0.0
0.75
0.0
0.0
0.0
0.0
0.0
0.0
0.0
0.0
0.043478260869565216
0.0
0.0
0.21428571428571427
0.8
0.0
0.375
0.05555555555555555
0.04878048780487805
0.15151515151515152
0.0
0.08695652173913043
0.0
0.0
0.03571428571428571
0.0
0.0
0.0
0.0
0.024390243902439025
0.030303030303030304
0.13793103448275862
0.0
0.0
0.0
0.0
0.4
0.0
0.25
0.08333333333333333
0.0
0.0
0.10344827586206896
0.0
0.0
0.0
0.17857142857142858
0.4
0.1724137931034483
0.75
0.027777777777777776
0.0975609756097561
0.09090909090909091
0.0
0.0
0.0
0.0
0.0
0.0
0.0
0.0
0.05555555555555555
0.04878048780487805
0.030303030303030304
0.0
0.13043478260869565
0.0
0.0
0.0
0.4
0.0
0.0
0.0
0.0
0.0
0.0
0.0
0.0
0.0
0.0
0.0
0.0
0.125
0.027777777777777776
0.0
0.0
0.0
0.043478260869565216
0.0
0.0
0.0
0.4
0.0
0.0
0.0
0.024390243902439025
0.06060606060606061
0.034482758620689655
0.043478260869565216
0.0
0.25
0.0
0.0
0.0
0.0
0.0
0.0
0.0
0.0
0.0
0.0
0.0
0.0
0.2
0.0
0.125
0.027777777777777776
0.024390243902439025
0.0
0.0
0.0
0.0
0.25
0.0
0.0
0.0
0.0
0.16666666666666666
0.024390243902439025
0.030303030303030304
0.0
0.0
0.0
1.5
0.0
0.4
0.06896551724137931
0.25
0.0
0.0
0.42424242424242425
0.0
0.30434782608695654
0.0
0.5
0.0
0.0
0.0
0.0
0.05555555555555555
0.0
0.0
0.0
0.0
0.0
0.0
0.0
0.2
0.0
0.125
0.0
0.0
0.0
0.0
0.21739130434782608
0.0
0.0
0.0
0.0
0.0
0.0
0.0
0.0
0.0
0.0
0.0
0.0
0.0
0.0
0.2
0.0
0.0
0.0
0.07317073170731707
0.09090909090909091
0.0
0.0
0.0
0.0
0.0
0.4
0.0
0.0
0.0
0.04878048780487805
0.0
0.0
0.7391304347826086
0.0
0.0
0.03571428571428571
0.0
0.0
0.0
0.0
0.024390243902439025
0.030303030303030304
0.13793103448275862
0.0
0.0
0.0
0.17857142857142858
0.4
0.13793103448275862
0.125
0.0
0.04878048780487805
0.030303030303030304
0.10344827586206896
0.21739130434782608
0.0
0.5
